20 4 0.05 500 
1 2 3 4
3 4 5 6 7 8 9 10 11 12 12 11 10 9 8 7 6 5 4 3
10 20 30 40 50 60 70 80 90 100 15 25 35 45 55 65 75 85 95 49
138 55 139
51 57 52 129
86 85 133 71 119
92 86 113 79 92 139
113 115 128 147 121 93 115
85 122 102 148 69 137 72 67
56 89 148 103 69 86 56 141 107
98 82 76 133 74 73 64 69 112 121
61 54 125 131 50 146 134 104 54 71 76
71 85 96 106 94 108 150 85 103 50 92 59
107 78 139 118 76 101 79 91 90 68 69 67
96 147 111 76 67 65 96 73 124 65 143
148 129 103 58 58 106 90 131 112 63
69 132 144 138 66 99 90 119 79
68 98 59 81 109 61 148 133
124 140 126 85 86 75 110
105 113 62 124 138 122
142 73 83 60 119
97 138 55 110
119 137 51
0 2 1
2 3 0 3
3 3 0 3 2
3 2 3 0 1 3
1 1 3 2 1 1 2
2 2 1 1 3 2 1 3
3 3 3 1 2 0 2 2 0
3 1 3 2 0 2 0 3 1 2
0 1 3 1 2 2 2 1 0 0 1
0 1 1 0 3 1 2 1 2 0 2 0
0 0 2 2 1 2 0 0 3 3 0 2
1 2 1 2 3 1 0 1 2 1 2
0 2 2 3 2 1 3 3 2 1
2 0 2 2 3 0 3 2 2
1 0 1 2 2 3 1 0
3 3 1 0 0 3 3
2 2 3 0 3 2
1 3 2 2 1
2 2 1 0
0 1 3



