20 1 0.06
5
12 5 9 8 7 5 4 3 11 11 12 8 12 5 12 12 5 8 5 5
95 95 14 83 94 74 10 66 16 63 33 81 24 94 51 56 21 80 78 88
137 65 93 137 108 120 133 114 61 85 112 57
73 54 108 61 87
112 130 61 92 123 99 135 111 98
51 55 50 105 136 56 142 124
122 126 132 88 67 51 120
108 109 77 117 85
121 91 98 93
113 62 59
126 123 98 131 81 52 87 100 125 136 147
121 52 57 112 126 53 103 142 140 94 66
51 131 99 119 94 76 107 56 129 111 52 120
112 101 148 142 102 55 109 51
88 99 130 55 85 140 58 145 128 67 93 55
86 76 102 136 139
61 90 103 66 108 100 108 134 80 87 58 115
78 72 139 108 101 51 105 98 91 70 66 93
106 149 142 80 115
72 61 115 146 70 93 100 103
51 106 147 131 140
125 61 134 98 68
0 0 0 0 0 0 0 0 0 0 0 0
0 0 0 0 0
0 0 0 0 0 0 0 0 0
0 0 0 0 0 0 0 0
0 0 0 0 0 0 0
0 0 0 0 0
0 0 0 0
0 0 0
0 0 0 0 0 0 0 0 0 0 0
0 0 0 0 0 0 0 0 0 0 0
0 0 0 0 0 0 0 0 0 0 0 0
0 0 0 0 0 0 0 0
0 0 0 0 0 0 0 0 0 0 0 0
0 0 0 0 0
0 0 0 0 0 0 0 0 0 0 0 0
0 0 0 0 0 0 0 0 0 0 0 0
0 0 0 0 0
0 0 0 0 0 0 0 0
0 0 0 0 0
0 0 0 0 0